72
1 5 2 3 4 5 6
2 2 1 3
3 5 1 2 4 6 41
4 7 1 3 5 7 35 39 41
5 4 1 4 6 39
6 5 1 3 5 39 41
7 3 4 35 41
8 8 9 10 11 12 18 19 21 46
9 4 8 11 69 71
10 7 8 12 17 31 35 40 46
11 4 8 9 18 71
12 4 8 10 17 19
13 4 16 23 25 26
14 1 23
15 6 20 21 23 36 39 41
16 7 13 20 22 23 26 68 72
17 6 10 12 19 21 35 39
18 6 8 11 20 21 22 71
19 4 8 12 17 21
20 6 15 16 18 21 22 23
21 7 8 15 17 18 19 20 39
22 5 16 18 20 68 71
23 7 13 14 15 16 20 25 36
24 3 25 26 42
25 7 13 23 24 26 36 37 42
26 4 13 16 24 25
27 2 34 46
28 3 29 37 42
29 4 28 37 51 63
30 1 34
31 5 10 32 35 40 64
32 7 31 33 34 40 45 47 64
33 10 32 45 49 52 55 56 61 64 65 66
34 8 27 30 32 40 43 44 46 47
35 12 4 7 10 17 31 39 41 57 58 60 64 66
36 7 15 23 25 37 38 41 42
37 8 25 28 29 36 38 42 59 63
38 9 36 37 41 53 57 58 59 62 67
39 8 4 5 6 15 17 21 35 41
40 5 10 31 32 34 46
41 10 3 4 6 7 15 35 36 38 39 57
42 5 24 25 28 36 37
43 4 34 44 47 48
44 3 34 43 46
45 3 32 33 47
46 6 8 10 27 34 40 44
47 5 32 34 43 45 48
48 2 43 47
49 5 33 52 54 55 61
50 2 55 65
51 4 29 59 63 65
52 3 33 49 61
53 6 38 55 58 60 62 66
54 4 49 55 61 65
55 8 33 49 50 53 54 62 65 66
56 2 33 64
57 6 35 38 41 58 60 67
58 7 35 38 53 57 60 66 67
59 6 37 38 51 62 63 65
60 5 35 53 57 58 66
61 5 33 49 52 54 65
62 5 38 53 55 59 65
63 4 29 37 51 59
64 6 31 32 33 35 56 66
65 8 33 50 51 54 55 59 61 62
66 7 33 35 53 55 58 60 64
67 3 38 57 58
68 5 16 22 69 71 72
69 3 9 68 71
70 1 71
71 7 9 11 18 22 68 69 70
72 2 16 68
